4.377384920000000000e+08
5.379455300000000000e+07
5.624925000000000000e+07
4.269612090000000000e+08
3.520259520000000000e+08
4.055321200000000000e+08
6.787857200000000000e+07
1.252555500000000000e+08
4.055612570000000000e+08
5.624559700000000000e+07
1.252552780000000000e+08
1.252548650000000000e+08
1.257865660000000000e+08
2.827204960000000000e+08
6.091028000000000000e+07
1.295663980000000000e+08
4.342837430000000000e+08
5.628153800000000000e+07
4.342830440000000000e+08
3.658597940000000000e+08
1.509060840000000000e+08
2.697876370000000000e+08
1.257859850000000000e+08
2.588782310000000000e+08
6.787852200000000000e+07
3.658585590000000000e+08
1.179294460000000000e+08
3.521051310000000000e+08
3.464379570000000000e+08
2.431133280000000000e+08
4.324848240000000000e+08
3.520263370000000000e+08
1.296317910000000000e+08
1.296428640000000000e+08
2.697470050000000000e+08
1.296427570000000000e+08
4.065431200000000000e+08
1.508632710000000000e+08
2.881456780000000000e+08
5.624591500000000000e+07
2.395480960000000000e+08
2.383926080000000000e+08
1.509045500000000000e+08
1.296328580000000000e+08
2.697470710000000000e+08
2.395493220000000000e+08
3.659005390000000000e+08
2.384180240000000000e+08
4.115158580000000000e+08
1.296320640000000000e+08
3.017888250000000000e+08
2.382827110000000000e+08
1.180323710000000000e+08
4.568352170000000000e+08
4.115255610000000000e+08
2.430848400000000000e+08
3.660387720000000000e+08
3.486356720000000000e+08
2.395487230000000000e+08
2.431060810000000000e+08
2.383926870000000000e+08
1.552038420000000000e+08
1.295740920000000000e+08
8.042604300000000000e+07
4.073077710000000000e+08
2.256752700000000000e+07
5.624925000000000000e+07
1.509006330000000000e+08
1.508990910000000000e+08
1.295762120000000000e+08
3.658569280000000000e+08
2.383942680000000000e+08
1.508550330000000000e+08
2.882272300000000000e+08
1.156572060000000000e+08
3.521053280000000000e+08
3.659010680000000000e+08
8.042655900000000000e+07
1.180036830000000000e+08
4.073357690000000000e+08
2.589431770000000000e+08
3.660370630000000000e+08
1.253059000000000000e+08
1.296443670000000000e+08
1.508547290000000000e+08
1.296340730000000000e+08
5.379455300000000000e+07
4.055623880000000000e+08
4.073067300000000000e+08
1.180311660000000000e+08
2.698236160000000000e+08
1.911434030000000000e+08
5.623019200000000000e+07
1.508610520000000000e+08
3.017900730000000000e+08
5.387517100000000000e+07
2.395486430000000000e+08
5.628146200000000000e+07
4.377384920000000000e+08
1.180312610000000000e+08
1.179272930000000000e+08
3.520752850000000000e+08
2.430694790000000000e+08
1.508996790000000000e+08
1.207275020000000000e+08
1.388648400000000000e+07
5.624883100000000000e+07
1.393583400000000000e+07
2.882458080000000000e+08
1.257859390000000000e+08
4.377322690000000000e+08
1.552269250000000000e+08
8.042628600000000000e+07
1.179565460000000000e+08
1.296425970000000000e+08
2.093281100000000000e+07
2.270949900000000000e+07
2.853518130000000000e+08
6.368951200000000000e+07
3.018726810000000000e+08
8.539853500000000000e+07
8.051432900000000000e+07
2.384399750000000000e+08
2.839095470000000000e+08
9.467666000000000000e+07
1.728458800000000000e+07
3.537292210000000000e+08
1.187628930000000000e+08
9.472017800000000000e+07
1.837370000000000000e+07
2.510148390000000000e+08
4.676871590000000000e+08
9.557077000000000000e+07
3.535315750000000000e+08
3.536752660000000000e+08
1.565164800000000000e+08
4.676481070000000000e+08
3.529420420000000000e+08
9.556980500000000000e+07
2.009945340000000000e+08
3.471938620000000000e+08
2.388830540000000000e+08
2.010079900000000000e+08
1.870472340000000000e+08
3.677030380000000000e+08
1.779177260000000000e+08
9.467666000000000000e+07
2.011135520000000000e+08
3.470437710000000000e+08
1.871092890000000000e+08
4.335636260000000000e+08
1.778829180000000000e+08
3.468471940000000000e+08
1.871772310000000000e+08
4.335636230000000000e+08
1.552999610000000000e+08
1.871092700000000000e+08
1.214367860000000000e+08
1.280642530000000000e+08
3.074452200000000000e+08
1.750634190000000000e+08
3.659197340000000000e+08
1.213743230000000000e+08
4.406246270000000000e+08
1.223900380000000000e+08
4.678735130000000000e+08
1.751925540000000000e+08
1.280744300000000000e+08
2.663016850000000000e+08
1.751510330000000000e+08
3.659248110000000000e+08
1.750640450000000000e+08
4.406282030000000000e+08
3.659250690000000000e+08
4.678611790000000000e+08
3.679235860000000000e+08
4.405980660000000000e+08
4.088800740000000000e+08
1.751856680000000000e+08
1.751455830000000000e+08
1.212219740000000000e+08
3.533047320000000000e+08
1.750661040000000000e+08
2.887467970000000000e+08
1.282919260000000000e+08
3.543924210000000000e+08
1.212214000000000000e+08
1.216958140000000000e+08
4.406278980000000000e+08
1.220370200000000000e+08
4.678587260000000000e+08
4.678711730000000000e+08
1.214367860000000000e+08
1.750590850000000000e+08
1.281066870000000000e+08
2.390965470000000000e+08
2.390154760000000000e+08
1.282958410000000000e+08
4.406259840000000000e+08
3.533061120000000000e+08
1.217517020000000000e+08
1.281784760000000000e+08
4.678736430000000000e+08
4.263385930000000000e+08
1.281838400000000000e+08
1.280655000000000000e+08
1.282567900000000000e+08
4.264177320000000000e+08
4.405694430000000000e+08
4.074675250000000000e+08
1.751899930000000000e+08
3.543924510000000000e+08
1.280642530000000000e+08
4.405665000000000000e+08
4.678712640000000000e+08
1.281735620000000000e+08
3.536373170000000000e+08
1.218976850000000000e+08
1.213004860000000000e+08
1.217545380000000000e+08
1.970631150000000000e+08
1.281039550000000000e+08
3.658491600000000000e+08
1.223840840000000000e+08
1.281735540000000000e+08
3.533057400000000000e+08
3.542196150000000000e+08
4.263405950000000000e+08
1.280715980000000000e+08
4.405662660000000000e+08
1.747627570000000000e+08
1.751888710000000000e+08
1.281798170000000000e+08
1.648250400000000000e+07
1.751455930000000000e+08
4.405794110000000000e+08
1.282949060000000000e+08
1.750637730000000000e+08
1.218227030000000000e+08
2.603070440000000000e+08
1.280697300000000000e+08
1.281134210000000000e+08
1.642703200000000000e+07
6.695249600000000000e+07
2.658636710000000000e+08
1.211273360000000000e+08
3.543900150000000000e+08
3.659257150000000000e+08
1.221002690000000000e+08
1.653302800000000000e+07
1.228847780000000000e+08
1.782458300000000000e+08
4.370255950000000000e+08
1.752618210000000000e+08
9.905771700000000000e+07
4.973363000000000000e+06
4.993082000000000000e+06
1.665914660000000000e+08
3.345786750000000000e+08
1.591678750000000000e+08
3.896430000000000000e+06
1.569952740000000000e+08
1.591694120000000000e+08
1.591842480000000000e+08
1.591678750000000000e+08
3.345786750000000000e+08
3.346034390000000000e+08
4.584274150000000000e+08
2.157309000000000000e+07
1.591632890000000000e+08
9.454206000000000000e+06
9.455135000000000000e+06
1.351519350000000000e+08
1.351528320000000000e+08
3.716103090000000000e+08
3.717946040000000000e+08
1.654318700000000000e+08
1.653252930000000000e+08
1.387331240000000000e+08
3.890921000000000000e+06
2.334345170000000000e+08
1.730922410000000000e+08
3.452612310000000000e+08
3.078558400000000000e+08
3.452609560000000000e+08
2.838570310000000000e+08
3.557943280000000000e+08
3.557345910000000000e+08
3.513002480000000000e+08
3.452894000000000000e+08
3.835242930000000000e+08
1.699060100000000000e+07
1.627160600000000000e+07
1.982892990000000000e+08
3.111361160000000000e+08
3.111158780000000000e+08
3.493123050000000000e+08
3.556924300000000000e+08
1.691475300000000000e+07
2.870819460000000000e+08
3.556928250000000000e+08
2.870354760000000000e+08
3.455616120000000000e+08
3.452013740000000000e+08
2.870815160000000000e+08
1.982893280000000000e+08
3.111814460000000000e+08
2.926089100000000000e+07
2.926091300000000000e+07
2.870315240000000000e+08
2.360139580000000000e+08
3.137057720000000000e+08
1.593407800000000000e+08
3.475994250000000000e+08
2.581736460000000000e+08
8.533147500000000000e+07
2.984152220000000000e+08
3.082318270000000000e+08
2.360139580000000000e+08
4.600969340000000000e+08
2.360171290000000000e+08
3.084112340000000000e+08
2.360178040000000000e+08
3.114053480000000000e+08
2.581954930000000000e+08
